1768010
1768030
1767110
1767150
1767160
1767180
1767190
1767200
1767220
1767230
1767240
1767260
1767270
1767280
1767340
1767341
1767370
1767390
1767410
1767420
1767440
1767450
1767480
1767490
1767500
1767510
1767520
1767530
1767540
1767550
1767580
1767590
1766640
1766650
1766660
1766670
1766690
1766700
1766710
1766730
1766740
1766750
1766760
1766780
1766790
1766800
1766810
1766830
1766840
1766860
1766880
1766910
1766920
1766940
1766950
1766990
1767030
1767031
1767050
1767060
1767061
1767070
1767071
1767090
1767100
1766150
1766160
1766170
1766180
1766190
1766200
1766210
1766220
1766230
1766240
1766250
1766260
1766270
1766280
1766290
1766300
1766310
1766360
1766370
1766380
1766390
1766430
1766440
1766460
1766470
1766480
1766490
1766520
1766550
1766560
1766580
1766600
1766610
1766620
1766630
1765730
1765750
1765751
1765753
1765760
1765790
1765800
1765810
1765820
1765840
1765850
1765870
1765880
1765900
1765920
1765930
1765950
1765960
1765980
1766020
1766021
1766040
1766060
1766080
1766090
1766100
1766110
1765220
1765230
1765240
1765250
1765260
1765280
1765310
1765320
1765330
1765340
1765360
1765370
1765380
1765400
1765450
1765470
1765480
1765490
1765500
1765510
1765530
1765560
1765570
1765580
1765600
1765610
1765620
1765630
1765650
1765660
1765670
1765680
1765690
1764700
1764710
1764720
1764730
1764750
1764790
1764830
1764840
1764850
1764860
1764890
1764910
1764920
1764940
1764950
1764960
1764970
1765010
1765020
1765040
1765060
1765090
1765100
1765110
1765120
1765130
1765150
1765160
1765180
1765190
1764230
1764240
1764270
1764290
1764300
1764310
1764320
1764330
1764340
1764350
1764360
1764370
1764380
1764400
1764410
1764450
1764470
1764480
1764490
1764500
1764520
1764540
1764550
1764560
1764570
1764580
1764590
1764600
1764610
1764620
1764630
1764650
1764660
1764670
1763830
1763840
1763860
1763870
1763871
1763872
1763910
1763920
1763930
1763940
1763970
1763990
1764000
1764010
1764030
1764040
1764050
1764060
1764061
1764062
1764063
1764070
1764080
1764110
1764120
1764140
1764150
1764160
1764180
1764190
1764200
1764210
1764220
1763330
1763340
1763350
1763390
1763420
1763430
1763460
1763461
1763462
1763500
1763520
1763550
1763570
1763580
1763590
1763600
1763610
1763620
1763630
1763650
1763660
1763690
1763740
1763750
1763790
1763800
1762880
1762910
1762920
1762950
1762980
1762990
1763000
1763030
1763040
1763050
1763060
1763070
1763080
1763081
1763082
1763100
1763120
1763130
1763140
1763160
1763180
1763200
1763210
1763220
1763260
1763310
1762490
1762510
1762520
1762540
1762541
1762542
1762543
1762550
1762560
1762580
1762590
1762630
1762640
1762680
1762690
1762710
1762720
1762730
1762740
1762760
1762770
1762780
1762790
1762800
1762810
1762820
1762830
1762840
1762010
1762050
1762070
1762080
1762090
1762120
1762130
1762140
1762150
1762160
1762180
1762210
1762220
1762230
1762250
1762270
1762280
1762290
1762300
1762320
1762360
1762370
1762380
1762390
1762400
1762410
1762430
1762450
1762460
1762480
1761510
1761520
1761530
1761550
1761560
1761570
1761580
1761590
1761610
1761630
1761640
1761660
1761670
1761680
1761690
1761710
1761720
1761740
1761750
1761780
1761790
1761810
1761820
1761830
1761840
1761850
1761860
1761880
1761890
1761910
1761980
1761010
1761020
1761030
1761040
1761050
1761060
1761070
1761080
1761120
1761130
1761140
1761150
1761160
1761170
1761200
1761250
1761280
1761310
1761320
1761330
1761370
1761420
1761440
1761450
1761470
1761480
1761500
1760980
1760990
1761000
1760840
1760900
1760370
1760380
1760400
1760420
1760430
1760450
1760460
1760470
1760480
1760490
1760500
1760510
1760530
1760550
1760580
1760590
1760600
1760610
1760620
1760630
1760640
1760650
1760660
1760670
1760680
1760690
1760700
1760730
1760750
1760760
1760780
1760800
1759880
1759910
1759930
1759940
1759950
1759960
1759970
1759980
1759990
1760000
1760020
1760040
1760090
1760100
1760110
1760120
1760130
1760140
1760160
1760170
1760180
1760190
1760220
1760230
1760270
1760280
1760290
1760300
1760310
1760320
1760330
1760350
1760360
1759430
1759440
1759460
1759470
1759480
1765400
1760280
1766430
1764380
1764370
1767440
1762320
1764360
1763340
1761280
1762360
1763390
1761330
1760290
1761370
1760350
1763420
1766480
1767510
1767500
1762380
1766520
1762430
1760380
1765490
1760370
1764470
1767540
1767530
1760360
1767520
1763430
1765530
1762460
1760400
1764500
1763462
1763460
1763461
1761470
1760430
1763500
1766560
1766620
1761500
1766610
1764560
1760470
1766600
1765580
1765570
1760450
1764600
1763580
1766640
1760500
1765610
1760490
1764590
1762542
1762543
1762540
1762541
1760480
1766630
1761510
1764580
1762590
1765660
1765650
1760530
1763600
1764630
1762580
1766670
1761550
1764620
1764610
1762560
1763590
1766660
1765690
1764670
1765680
1766710
1761590
1764660
1764650
1763630
1766700
1761580
1766690
1761570
1765670
1760550
1763620
1760600
1766750
1761630
1764700
1762640
1766740
1766730
1761610
1760590
1763660
1763650
1762630
1760580
1764730
1762680
1765753
1766780
1761660
1764720
1765750
1760630
1765751
1763690
1766760
1761640
1760620
1765730
1760610
1764710
1766810
1761690
1765790
1760670
1763740
1766800
1761680
1762710
1760660
1760650
1764750
1762690
1765760
1760640
1766790
1761670
1766840
1761720
1765820
1760700
1765810
1760690
1764790
1762740
1762730
1765800
1760680
1766830
1761710
1762720
1763750
1765850
1760730
1763800
1764830
1762780
1762770
1765840
1761750
1762760
1763790
1766860
1761740
1762810
1765880
1760760
1766910
1761790
1764860
1764850
1762800
1763830
1761780
1764840
1765870
1760750
1766880
1762790
1764890
1762840
1763870
1763871
1766940
1761820
1761810
1763860
1766920
1762830
1765900
1760780
1763840
1762820
1761850
1764920
1765950
1761840
1765930
1764910
1765920
1763872
1760800
1766950
1761830
1763930
1761880
1768030
1762910
1765980
1763920
1764950
1768010
1765960
1760840
1766990
1764940
1762880
1763910
1761860
1767030
1761910
1767031
1764970
1762920
1761890
1764960
1763940
1766040
1767070
1767071
1765020
1765010
1763990
1767060
1767061
1767050
1759880
1763970
1762950
1766020
1760900
1766021
1759930
1763000
1764030
1767100
1761980
1767090
1765040
1764010
1762990
1766060
1764000
1759910
1762980
1762010
1759960
1766110
1764062
1760990
1764063
1764060
1764061
1764050
1763030
1766100
1760980
1766090
1764040
1759950
1766080
1767110
1765060
1759940
1767160
1763070
1761020
1761010
1764080
1765110
1759990
1763060
1763050
1761000
1767150
1765100
1759980
1765090
1759970
1763040
